#    X_IMAGE      Y_IMAGE    X_WORLD    Y_WORLD    FLUX_STACK        FLUX_0        FLUX_1        FLUX_2        FLUX_3        FLUX_4        MEDIAN         SNR
 1675.624268   885.270813  50.051296  41.366915  2.939493e+07  2.873265e+07  2.889695e+07  2.916284e+07  2.895643e+07  2.884691e+07  2.892669e+07  240.665423
 1675.514404   461.147552  50.043141  41.350870  5.865541e+06  5.817038e+06  5.812127e+06  5.829026e+06  5.819264e+06  5.804957e+06  5.815695e+06  653.499668
 1572.794312   263.704773  50.034168  41.344886  6.194218e+07  6.200281e+07  6.857158e+07  6.196014e+07  6.025963e+07  5.676382e+07  6.110989e+07   14.247842
  695.572144   214.694962  49.988974  41.355719  9.605618e+06  9.621454e+06  9.633023e+06  9.581749e+06  9.526921e+06  9.515865e+06  9.554335e+06  204.042266
 1439.694946   102.391418  50.024358  41.340708  2.409045e+05  2.614427e+05  2.621096e+05  2.634221e+05  2.393407e+05  2.398817e+05  2.509956e+05   21.659586
 1801.674561    86.894592  50.042316  41.334883  2.513126e+06  2.446814e+06  2.456268e+06  2.450597e+06  2.420785e+06  2.415736e+06  2.435691e+06  136.915289
  852.157166    49.690311  49.993709  41.347211  8.372786e+06  7.928147e+06  7.761484e+06  8.033946e+06  8.385527e+06  8.371556e+06  8.202751e+06   31.665824
  706.528259  2181.669922  50.027297  41.429994  4.202695e+05  4.159355e+05  4.173899e+05  4.141662e+05  4.185035e+05  4.161866e+05  4.167882e+05  259.281728
 1015.055115  2167.421875  50.042604  41.424989  2.589088e+05  2.559050e+05  2.511313e+05  1.014775e+05  2.571199e+05  2.555665e+05  2.533489e+05    3.818776
 2438.775879  2139.172852  50.113932  41.403288  8.027776e+05  7.017925e+05  8.140318e+05  7.781166e+05  7.762571e+05  6.833512e+05  7.771868e+05   16.072879
 2391.751709  1974.506592  50.108387  41.397742  8.499580e+04  7.542032e+04  7.958616e+04  7.445456e+04  7.473246e+04  7.296767e+04  7.459351e+04   29.972813
  953.227783  1965.753418  50.035604  41.418254  9.686762e+04  9.057895e+04  9.384441e+04  9.478781e+04  9.610098e+04  8.928371e+04  9.431611e+04   36.768791
 1206.285889  1952.860474  50.048134  41.414103  4.867783e+04  4.745350e+04  4.673525e+04  4.683976e+04  4.580723e+04  4.624760e+04  4.649142e+04  112.744684
 1555.940674  2095.748047  50.068535  41.414444  2.803255e+07  2.798447e+07  2.805968e+07  2.800486e+07  2.790212e+07  2.772332e+07  2.795349e+07  218.131397
  486.491486  1937.886230  50.011499  41.423952  1.533332e+04  1.248792e+04  6.784781e+03  1.085703e+04  8.907094e+03  1.085065e+04  9.878873e+03    5.877674
 2481.745361  2054.020264  50.114460  41.399444  4.821829e+07  4.874782e+07  5.187790e+07  4.909244e+07  4.796303e+07  4.578017e+07  4.852773e+07   22.081020
 1384.842041  1967.475464  50.057429  41.412070  1.262379e+04  9.210828e+03  6.257656e+03  1.111139e+04  1.178199e+04  1.135688e+04  1.123414e+04    5.000058
 1299.249756  1909.625610  50.051996  41.411121  1.678679e+07  1.677159e+07  1.682955e+07  1.676111e+07  1.670274e+07  1.666021e+07  1.673193e+07  262.833326
 1697.227173  1900.565552  50.071911  41.405013  1.984642e+05  1.872941e+05  1.912678e+05  1.845030e+05  1.836305e+05  1.854093e+05  1.849561e+05   61.832730
 1660.998291  1892.205322  50.069922  41.405222  2.030950e+05  1.867104e+05  1.908409e+05  1.891667e+05  1.901414e+05  1.871138e+05  1.896540e+05  135.137036
  669.763428  1894.216797  50.019915  41.419649  6.871359e+04  5.336173e+04  6.014462e+04  6.561291e+04  7.465119e+04  6.958610e+04  6.759950e+04   12.709794
 2200.367676  1903.614014  50.097364  41.397836  1.708600e+04  1.976837e+04  1.758772e+04  1.701486e+04  1.738356e+04  1.940433e+04  1.748564e+04   18.966574
  846.836548  2029.397461  50.031455  41.422202  2.564238e+06  2.531903e+06  2.552213e+06  2.547710e+06  2.539668e+06  2.533676e+06  2.543689e+06  355.565132
 1643.775024  1706.708496  50.065484  41.398454  1.814613e+07  1.736947e+07  1.770933e+07  1.780539e+07  1.763266e+07  1.755491e+07  1.767100e+07  190.572577
 2338.654297  1797.291870  50.102295  41.391809  5.874687e+04  5.612470e+04  5.851882e+04  5.970066e+04  5.832585e+04  5.978033e+04  5.910974e+04   89.127883
 2681.205322  1786.349731  50.119368  41.386426  1.775105e+05  1.833725e+05  1.561786e+05  1.412022e+05  1.511311e+05  1.780208e+05  1.536548e+05   11.405140
 2496.203613  1771.727783  50.109752  41.388557  1.160721e+04  1.042988e+04  9.960359e+03  9.989255e+03  1.080258e+04  1.178823e+04  1.039592e+04   13.922779
 1260.236938  1747.717041  50.046912  41.405560  1.615192e+06  1.608329e+06  1.622335e+06  1.604350e+06  1.603509e+06  1.605350e+06  1.604850e+06  205.961404
  686.389221  1777.822388  50.018518  41.415004  1.326415e+06  1.322497e+06  1.326921e+06  1.321848e+06  1.318262e+06  1.314019e+06  1.320055e+06  278.540846
 2196.980713  1778.116333  50.094777  41.393138  1.401203e+06  1.404258e+06  1.387172e+06  1.382476e+06  1.394970e+06  1.403749e+06  1.391071e+06  172.263041
 2627.442627  1710.778442  50.115199  41.384347  2.447579e+04  2.561854e+04  2.253497e+04  3.350057e+04  2.310372e+04  2.388544e+04  2.349458e+04    5.224668
  678.602722  1681.095825  50.016266  41.411456  1.328064e+05  1.316643e+05  1.304483e+05  1.308521e+05  1.305071e+05  1.333303e+05  1.306796e+05  109.702111
 1941.796143  1681.596924  50.080041  41.393186  2.124245e+04  2.114572e+04  1.987354e+04  2.122770e+04  2.131150e+04  2.171826e+04  2.126960e+04   30.625232
 2043.976318  1670.807983  50.084990  41.391297  4.416321e+04  4.248434e+04  4.114563e+04  5.446105e+04  4.361498e+04  4.271923e+04  4.316711e+04    8.211292
  900.127258  1828.836670  50.030291  41.413842  1.335635e+04  1.276001e+04  9.271138e+03  1.646870e+04  1.441666e+04  1.474519e+04  1.458093e+04    5.426086
 1849.279907  1625.486694  50.074293  41.392404  3.608331e+04  3.690380e+04  3.340809e+04  3.334603e+04  3.644314e+04  3.651099e+04  3.492562e+04   22.527686
 1951.197754  1817.755615  50.083136  41.398200  1.526102e+05  1.511031e+05  1.513886e+05  1.527574e+05  1.505801e+05  1.512465e+05  1.513176e+05  191.258175
 2018.385620  1847.695312  50.087103  41.398359  6.191349e+05  6.161556e+05  6.187968e+05  6.170636e+05  6.155149e+05  6.117472e+05  6.162892e+05  236.850212
  492.141998  1604.468750  50.005379  41.411254  4.636353e+04  5.249337e+04  4.383269e+04  4.124848e+04  4.073267e+04  4.201428e+04  4.163138e+04   35.431028
 2199.291504  1601.351318  50.091490  41.386418  3.373262e+04  3.412084e+04  3.101656e+04  2.833165e+04  3.190654e+04  3.093019e+04  3.097338e+04   23.209903
 1950.554321  1787.182251  50.082515  41.397053  3.086740e+04  3.481744e+04  2.903429e+04  2.979449e+04  2.994383e+04  3.050353e+04  2.986916e+04   56.944381
 1127.601074  1564.143677  50.036688  41.400534  2.627749e+04  2.635877e+04  2.507298e+04  2.437715e+04  2.574552e+04  2.983001e+04  2.540925e+04   11.990123
 1863.912842  1842.792847  50.079213  41.400412  1.380441e+05  1.367128e+05  1.347577e+05  1.391351e+05  1.382019e+05  1.388432e+05  1.385225e+05   79.088767
  555.887085  1804.665649  50.012444  41.417907  2.490291e+05  2.479535e+05  2.448683e+05  2.437207e+05  2.456229e+05  2.483063e+05  2.452456e+05  145.345068
 1739.918213  1764.192505  50.071442  41.399236  4.197581e+05  3.979888e+05  4.447977e+05  4.187378e+05  4.031539e+05  3.902019e+05  4.109458e+05   20.204606
 1900.941162  2172.789307  50.087434  41.412359  1.143234e+04  1.047873e+04  9.161828e+03  1.094157e+04  9.831141e+03  1.368624e+04  1.038636e+04    6.014518
 1268.895020  1521.939209  50.043009  41.396892  1.540319e+04  1.467198e+04  1.595010e+04  1.546859e+04  1.419495e+04  1.641532e+04  1.570935e+04   18.965755
 2317.744873  1510.336182  50.095715  41.381257  1.032027e+05  1.040972e+05  1.039443e+05  1.044898e+05  9.993639e+04  9.777066e+04  1.019403e+05   36.464709
 2286.025635  1493.814209  50.093797  41.381092  1.466058e+05  5.990209e+04  6.534749e+04  6.875325e+04  7.369462e+04  6.241607e+04  6.705037e+04   15.981094
 2634.305176  1543.310059  50.112320  41.377913  5.971283e+04  6.190402e+04  6.772921e+04  6.705777e+04  6.506673e+04  6.319890e+04  6.606225e+04   37.219187
 2188.951416  1297.432129  50.085120  41.375071  4.202600e+05  2.934976e+06  5.552108e+05  3.711494e+05  3.434522e+05  2.809494e+06  4.631801e+05    0.446884
 1938.709229  2019.053345  50.086381  41.405996  4.198530e+04  4.040261e+04  4.172438e+04  4.321499e+04  4.010342e+04  4.212718e+04  4.192578e+04   37.525380
 1391.083130  1450.414673  50.047801  41.392417  3.083988e+06  3.076475e+06  3.085866e+06  3.068303e+06  3.047031e+06  3.063642e+06  3.065972e+06  221.678074
 2358.104736  1503.831665  50.097626  41.380426  1.582154e+04  1.496691e+04  1.620686e+04  1.938721e+04  1.694847e+04  1.888850e+04  1.791848e+04   13.589874
 1560.487061  1415.915649  50.055687  41.388659  3.966405e+05  3.941028e+05  3.942502e+05  3.962974e+05  3.922431e+05  3.956839e+05  3.949670e+05  253.214380
  825.183411  1424.545532  50.018739  41.399628  2.730349e+04  2.613007e+04  2.959015e+04  2.647119e+04  2.535739e+04  2.661469e+04  2.654294e+04   16.927572
 2254.690918  1282.762207  50.088154  41.373563  6.525763e+06  5.402323e+06  6.589208e+06  6.459574e+06  6.595510e+06  5.136627e+06  6.524390e+06   10.633181
 1765.916260  1376.657471  50.065299  41.384198  2.251920e+04  2.053745e+04  1.928657e+04  2.193198e+04  2.179846e+04  2.511385e+04  2.186522e+04   10.575219
  594.654663  2142.849609  50.020900  41.430144  1.139529e+06  1.132532e+06  1.158813e+06  1.135221e+06  1.130998e+06  1.004935e+06  1.133110e+06   18.837294
 1905.638916  1275.276978  50.070400  41.378338  1.140956e+06  1.132217e+06  1.137179e+06  1.148209e+06  1.132570e+06  1.125234e+06  1.134875e+06  136.139121
 1289.537476  1271.519531  50.039237  41.387119  3.577709e+05  3.533076e+05  3.569334e+05  3.523147e+05  3.556850e+05  3.513666e+05  3.539999e+05  153.780545
 1151.001343  1242.710938  50.031692  41.388034  2.171084e+06  2.165838e+06  2.180188e+06  2.151672e+06  2.161428e+06  2.156594e+06  2.159011e+06  199.995478
  503.774689  1237.023193  49.998911  41.397180  2.101613e+05  2.157649e+05  2.112649e+05  2.089611e+05  2.105290e+05  2.093448e+05  2.099369e+05  228.183223
  629.956909  2038.482056  50.020677  41.425684  1.174839e+05  1.165924e+05  1.141506e+05  1.159595e+05  1.172541e+05  1.195744e+05  1.166068e+05   59.023123
 1303.506714  1216.108643  50.038877  41.384820  2.649339e+05  2.639369e+05  2.613949e+05  2.588355e+05  2.613988e+05  2.605655e+05  2.609802e+05  249.572149
 1006.322449  1231.340820  50.024171  41.389697  1.174125e+05  1.132964e+05  1.144465e+05  3.884574e+04  1.154993e+05  1.144769e+05  1.144617e+05    3.479591
 1851.350586  1179.945435  50.065827  41.375518  2.240552e+05  2.176494e+05  2.219910e+05  2.224187e+05  2.177688e+05  2.140477e+05  2.198799e+05   64.377275
 1548.448608  1144.334229  50.049859  41.378558  4.413492e+06  4.399362e+06  4.416599e+06  4.395536e+06  4.369662e+06  4.357340e+06  4.382599e+06  190.836853
  889.406372  1160.426025  50.016907  41.388705  1.336197e+04  1.232967e+04  1.187196e+04  1.332535e+04  8.170011e+03  1.218108e+04  1.202652e+04    6.216280
  621.240173  2113.533691  50.021679  41.428650  3.038248e+05  2.932734e+05  3.070461e+05  2.966788e+05  3.023450e+05  3.071664e+05  3.046956e+05   70.967883
 2011.211670  1132.130737  50.072973  41.371393  1.078457e+06  1.066142e+06  1.078421e+06  1.084312e+06  1.072897e+06  1.065354e+06  1.075659e+06  153.808065
 1556.539551   717.500427  50.042064  41.362292  3.998055e+06  3.946671e+06  3.979422e+06  3.950940e+06  3.902709e+06  3.913968e+06  3.932454e+06  129.297595
 1821.643799  1014.062683  50.061139  41.369673  2.640505e+06  2.614256e+06  2.648650e+06  2.639336e+06  2.603718e+06  2.585475e+06  2.621527e+06  101.853992
  534.703674  1066.250977  49.997194  41.390271  1.349083e+05  1.362094e+05  1.374941e+05  1.339350e+05  1.345098e+05  1.347770e+05  1.346434e+05   98.221383
  949.114014  1055.337158  50.017903  41.383865  5.869896e+04  5.645921e+04  6.053003e+04  5.901762e+04  5.713524e+04  5.795609e+04  5.848685e+04   46.075257
 2602.316162  1019.495117  50.100622  41.358564  8.620061e+04  8.286247e+04  9.590762e+04  9.177513e+04  8.653748e+04  8.251528e+04  8.915631e+04   17.535914
 1344.694824   980.110596  50.036421  41.375294  1.658906e+05  1.643465e+05  1.611403e+05  1.644743e+05  1.672229e+05  1.610373e+05  1.628073e+05   63.326976
  615.835999   965.227478  49.999351  41.385275  1.603944e+05  1.482370e+05  1.541840e+05  1.510619e+05  1.484486e+05  1.378691e+05  1.497552e+05   24.421945
 1290.612427   959.662170  50.033299  41.375303  1.380712e+05  1.330027e+05  1.350434e+05  1.371794e+05  1.340352e+05  1.297065e+05  1.345393e+05   49.431178
 2667.470703   937.115112  50.102323  41.354503  3.101282e+05  3.063108e+05  3.081012e+05  2.975416e+05  3.031486e+05  3.070684e+05  3.051085e+05   73.639878
 1143.612915   913.606689  50.024997  41.375688  1.431789e+05  1.527679e+05  1.388050e+05  1.435716e+05  1.409588e+05  1.400991e+05  1.405289e+05   80.583557
 2482.678223   887.396729  50.092047  41.355302  2.008313e+05  1.954114e+05  2.090745e+05  1.970400e+05  1.950244e+05  1.931818e+05  1.960322e+05   31.563826
  629.634277   894.879944  49.998697  41.382413  3.760444e+05  3.695653e+05  3.737671e+05  3.714885e+05  3.709120e+05  3.707158e+05  3.712002e+05  305.502299
  609.341980   860.265808  49.997008  41.381396  2.537698e+05  2.532525e+05  2.536911e+05  2.532902e+05  2.517105e+05  2.487811e+05  2.525004e+05  130.824922
 2290.835938   799.042297  50.080672  41.354740  2.465318e+07  2.458215e+07  2.473469e+07  2.469168e+07  2.449301e+07  2.441420e+07  2.459235e+07  184.053179
  773.391357   841.547729  50.004929  41.378316  6.224782e+04  5.956381e+04  5.726191e+04  5.978404e+04  6.196250e+04  5.999521e+04  5.988962e+04   35.875859
  692.889343   828.274780  50.000611  41.378978  7.132425e+04  7.071216e+04  7.124799e+04  7.186900e+04  7.202423e+04  7.113038e+04  7.155850e+04  185.903183
 1410.345459   762.130737  50.035546  41.366096  3.733809e+07  3.792264e+07  3.867666e+07  3.804673e+07  3.739446e+07  3.614736e+07  3.772060e+07   40.286917
  761.655273   784.661865  50.003245  41.376333  2.928422e+04  2.682451e+04  3.102044e+04  2.921788e+04  2.680435e+04  2.904792e+04  2.913290e+04   19.475260
 1954.341309  1127.206665  50.070009  41.372031  2.337956e+04  2.339553e+04  1.945315e+04  2.115862e+04  1.990956e+04  2.157360e+04  2.053409e+04   23.598264
 2165.288818  1091.755249  50.079969  41.367633  9.915569e+03  3.813444e+03  6.362289e+03  9.685607e+03  9.832933e+03  6.292177e+03  8.023948e+03    4.673270
  567.965271   728.710449  49.992395  41.377016  5.966126e+04  5.930476e+04  5.884582e+04  5.654014e+04  6.178055e+04  5.841827e+04  5.863205e+04   31.227238
 2587.595215   807.622009  50.095803  41.350763  8.950100e+04  8.426249e+04  8.110980e+04  8.312756e+04  7.699475e+04  7.890915e+04  8.000947e+04   34.729500
 2572.858887   765.434021  50.094248  41.349381  3.397846e+05  3.336014e+05  3.530585e+05  3.685437e+05  3.047112e+05  3.120457e+05  3.325521e+05   12.361486
 2237.135986   692.513672  50.075915  41.351489  4.790802e+05  4.603435e+05  4.831951e+05  4.630277e+05  4.617683e+05  4.619824e+05  4.625051e+05   50.948505
 2216.282227   612.453064  50.073324  41.348762  5.810122e+06  5.339792e+06  5.763890e+06  5.764904e+06  5.745396e+06  5.242673e+06  5.754643e+06   25.770248
 2169.162109   573.443970  50.070197  41.347969  4.898406e+05  1.653288e+05  5.821742e+05  4.740006e+05  7.033558e+05  2.439605e+05  5.280874e+05    3.123529
  989.770447   652.218628  50.012214  41.368022  5.935891e+04  5.863562e+04  5.919690e+04  7.390359e+04  5.474601e+04  5.832250e+04  5.875970e+04    8.017387
 1012.268921   623.089905  50.012790  41.366595  4.750145e+05  4.654778e+05  4.909589e+05  2.691542e+05  4.692811e+05  4.657120e+05  4.674966e+05    5.206410
 1385.118286   624.587463  50.031631  41.361257  2.843922e+05  2.824610e+05  2.779844e+05  2.804098e+05  2.790535e+05  2.813198e+05  2.797316e+05  219.634857
 2346.954834   632.039307  50.080290  41.347609  1.336874e+04  1.256248e+04  1.149187e+04  1.390466e+04  1.218622e+04  1.285872e+04  1.252247e+04   14.071499
 2356.212646   613.328613  50.080397  41.346767  1.763019e+04  2.016819e+04  2.488104e+04  1.610733e+04  1.831138e+04  1.554443e+04  1.720935e+04    4.639524
 1838.068726  2071.075439  50.082302  41.409423  3.532108e+05  3.449115e+05  3.517461e+05  3.510750e+05  3.465863e+05  3.496250e+05  3.503500e+05  176.477469
  904.640259   600.569763  50.006927  41.367299  3.000252e+04  2.826240e+04  2.628963e+04  3.164256e+04  3.041538e+04  3.127566e+04  3.084552e+04   14.449015
 2431.233887   577.657898  50.083494  41.344331  9.428201e+05  9.442823e+05  9.516011e+05  9.379234e+05  9.327314e+05  9.310534e+05  9.353274e+05  115.883684
 1552.531372   595.282166  50.039514  41.357725  2.563686e+04  2.340894e+04  2.820131e+04  2.730378e+04  2.693529e+04  2.347481e+04  2.711953e+04   15.113148
 2381.472412   586.615051  50.081157  41.345391  4.399924e+04  4.497866e+04  4.659734e+04  4.082992e+04  4.149545e+04  4.259342e+04  4.204444e+04   18.793182
 1384.309814   579.745605  50.030729  41.359572  4.432182e+04  3.712368e+04  4.178234e+04  4.198209e+04  4.252627e+04  3.758543e+04  4.188222e+04   21.234098
 1357.469360   533.128235  50.028480  41.358197  2.091228e+06  2.083292e+06  2.099605e+06  2.091195e+06  2.069457e+06  2.070997e+06  2.081096e+06  160.774619
  874.769348   701.774536  50.007362  41.371561  1.168903e+04  9.583895e+03  9.938872e+03  1.214074e+04  1.213974e+04  1.119962e+04  1.166968e+04   12.921011
 1932.489136   502.274780  50.056893  41.348705  5.998498e+05  5.953114e+05  6.001361e+05  6.001048e+05  5.966733e+05  5.950153e+05  5.983890e+05  269.910290
 1203.650269   487.732208  50.019848  41.358704  3.036672e+05  3.025785e+05  3.003061e+05  3.002496e+05  2.990889e+05  3.005194e+05  3.002778e+05  537.347880
 1518.319092   426.044983  50.034538  41.351817  1.242193e+05  1.226131e+05  1.214340e+05  1.225341e+05  1.223258e+05  1.229790e+05  1.224300e+05  217.685746
 1940.924561   389.462830  50.055150  41.344315  3.168772e+05  3.095378e+05  3.086030e+05  3.147578e+05  3.072610e+05  3.093443e+05  3.089736e+05  108.360690
 1965.301392   347.428101  50.055572  41.342371  7.276264e+04  6.778733e+04  7.228052e+04  7.189842e+04  7.464933e+04  7.100180e+04  7.208947e+04   53.483856
 2177.849609   385.076385  50.067014  41.340717  2.978457e+04  3.289815e+04  3.214135e+04  2.998770e+04  2.953962e+04  3.255098e+04  3.106453e+04   23.731993
  670.157959   371.862091  49.990706  41.362034  3.249152e+04  3.020838e+04  3.004545e+04  3.431888e+04  3.274279e+04  3.126600e+04  3.200439e+04   19.989908
 2368.091797   369.416229  50.076306  41.337368  3.462722e+04  3.663519e+04  3.388103e+04  3.258382e+04  3.295921e+04  3.277874e+04  3.286898e+04   66.077147
 1151.646240  2081.475830  50.047848  41.419760  2.564985e+04  2.556703e+04  2.391498e+04  2.685012e+04  2.654356e+04  2.413449e+04  2.533903e+04   18.871871
 1877.118408   392.040039  50.051982  41.345336  1.035459e+05  1.006579e+05  9.955574e+04  1.021962e+05  1.017610e+05  1.046452e+05  1.019786e+05   56.434996
 1856.043335   273.629028  50.048644  41.341161  7.418173e+04  7.262120e+04  6.993662e+04  7.570352e+04  7.248764e+04  7.569652e+04  7.409208e+04   30.636525
  999.798584   265.133728  50.005291  41.353230  1.689905e+05  1.696949e+05  1.695313e+05  1.759840e+05  1.696364e+05  1.671820e+05  1.695838e+05   51.879510
 1201.242065   272.635193  50.015598  41.350600  1.291381e+04  1.234225e+04  1.072033e+04  1.401404e+04  1.016276e+04  1.284023e+04  1.178028e+04    7.542284
 1307.868896  1985.803711  50.053896  41.413878  4.671579e+05  4.545619e+05  4.613547e+05  4.549642e+05  4.577777e+05  4.523106e+05  4.563709e+05  135.960474
 1358.031860   234.046814  50.022766  41.346872  1.049591e+05  1.041519e+05  9.988969e+04  1.012547e+05  9.947799e+04  1.069565e+05  1.005722e+05   33.574289
 1414.374390   219.042007  50.025320  41.345489  2.330512e+04  2.378055e+04  2.201093e+04  2.251628e+04  2.378295e+04  2.575992e+04  2.314961e+04   16.002277
  769.248718   185.754181  49.992136  41.353559  1.132705e+05  1.092723e+05  1.108790e+05  1.094530e+05  1.130235e+05  1.087230e+05  1.101660e+05   67.156424
  945.921204   192.860855  50.001186  41.351274  8.655879e+04  8.562594e+04  8.331998e+04  8.773814e+04  8.463946e+04  8.597317e+04  8.530632e+04   52.160094
 1515.179810   153.156235  50.029139  41.341537  1.188025e+04  1.505182e+04  1.449581e+04  1.585126e+04  1.610588e+04  1.459918e+04  1.522522e+04   21.084508
 2431.750977   120.685745  50.074735  41.327036  1.719365e+05  1.694771e+05  1.790912e+05  2.068921e+05  1.704952e+05  1.679343e+05  1.747932e+05   11.311961
  975.823914  1105.011108  50.020205  41.385358  2.814100e+05  2.812555e+05  2.839159e+05  2.820845e+05  2.804203e+05  2.755428e+05  2.812524e+05   90.352849
 1187.364014   109.715126  50.011771  41.344636  9.912215e+04  1.163923e+05  1.178322e+05  1.137754e+05  9.642552e+04  9.649684e+04  1.051361e+05   10.753294
 1166.746216   106.995804  50.010679  41.344831  1.211437e+05  1.443872e+05  1.455815e+05  1.425155e+05  1.176495e+05  1.166215e+05  1.300825e+05    9.632189
 1464.636719    88.376472  50.025347  41.339817  3.726031e+04  4.579106e+04  3.909861e+04  4.389566e+04  3.632560e+04  3.499162e+04  3.771211e+04   11.062643
  886.098633  2258.152100  50.037836  41.430289  2.122543e+05  2.051393e+05  2.000728e+05  2.074294e+05  2.108099e+05  2.094239e+05  2.084267e+05   50.349988
  873.860168  2206.652100  50.036228  41.428518  2.450811e+06  2.434460e+06  2.450214e+06  2.441629e+06  2.434765e+06  2.426373e+06  2.438197e+06  277.963308
  997.014099  2263.633545  50.043543  41.428891  1.172935e+06  1.115468e+06  1.191456e+06  8.600199e+05  1.191946e+06  1.103102e+06  1.147279e+06    8.451910
 1232.513062  2185.830566  50.053939  41.422537  6.700924e+06  6.682884e+06  6.756267e+06  6.677372e+06  6.658189e+06  6.636270e+06  6.667781e+06  147.309805
 1122.398560  2258.336670  50.049773  41.426875  9.023068e+04  2.324095e+04  8.772856e+04  8.775031e+04  9.868743e+04  1.642892e+04  8.773944e+04    2.677853
 1650.298828  2202.611084  50.075355  41.417120  6.568954e+05  6.409239e+05  6.440504e+05  6.446639e+05  6.473772e+05  6.433410e+05  6.443572e+05  421.738089
